qw: 0.9998959
qx: 0.005189
qy: -0.00462
qz: 0.0126

x: -0.0237070928809
y: -0.0177063560059
z: 0.0232645508926